=== 全期 ===
                    n_days    n_med  excess_pp      t   hit
cond                                                       
全体                +1086.00 +3213.50      -0.03 -10.91 +0.36
收在区间上30%          +1086.00  +759.50      -0.16 -15.99 +0.31
收在区间下30%          +1081.00 +1050.00      -0.04  -5.01 +0.38
收在区间下15%          +1054.00  +450.00      -0.05  -5.53 +0.40
收>开               +1085.00 +1586.00      -0.12 -17.83 +0.33
收≤开               +1086.00 +1651.50      -0.02  -4.04 +0.37
收≤开−2%            +1081.00  +438.00      -0.14 -12.91 +0.37
收在区间下30% ∧ 当日仍收涨  +1009.00   +88.00      -0.25 -18.58 +0.35
收在区间下30% ∧ 当日收跌   +1077.00  +921.00      -0.02  -2.46 +0.39
收在区间上30% ∧ 当日涨>3% +1078.00  +206.00      -0.30 -20.30 +0.31

=== 按年 ===
                        n_days    n_med  excess_pp      t   hit
cond              year                                         
全体                2022 +206.00 +2877.00      -0.04  -7.80 +0.37
收在区间上30%          2022 +206.00  +662.50      -0.19  -8.68 +0.31
收在区间下30%          2022 +205.00  +910.00      -0.02  -1.86 +0.41
收在区间下15%          2022 +199.00  +384.00      -0.04  -2.43 +0.42
收>开               2022 +206.00 +1399.00      -0.13  -9.49 +0.34
收≤开               2022 +206.00 +1418.00      -0.01  -1.48 +0.39
收≤开−2%            2022 +206.00  +418.50      -0.11  -6.90 +0.40
收在区间下30% ∧ 当日仍收涨  2022 +184.00   +72.00      -0.23  -8.91 +0.36
收在区间下30% ∧ 当日收跌   2022 +204.00  +791.50      -0.00  -0.32 +0.41
收在区间上30% ∧ 当日涨>3% 2022 +203.00  +211.00      -0.26  -9.67 +0.31
全体                2023 +242.00 +2915.00      -0.04  -8.26 +0.36
收在区间上30%          2023 +242.00  +678.00      -0.16 -10.02 +0.31
收在区间下30%          2023 +242.00  +988.50      -0.01  -1.06 +0.40
收在区间下15%          2023 +241.00  +428.00      -0.01  -0.68 +0.42
收>开               2023 +242.00 +1376.50      -0.13 -11.89 +0.33
收≤开               2023 +242.00 +1510.50      -0.01  -1.03 +0.38
收≤开−2%            2023 +242.00  +382.50      -0.10  -6.95 +0.40
收在区间下30% ∧ 当日仍收涨  2023 +232.00   +74.50      -0.21 -10.62 +0.37
收在区间下30% ∧ 当日收跌   2023 +242.00  +863.00      +0.01  +0.88 +0.41
收在区间上30% ∧ 当日涨>3% 2023 +242.00  +165.50      -0.32 -12.02 +0.30
全体                2024 +242.00 +3124.00      -0.06  -8.77 +0.33
收在区间上30%          2024 +242.00  +609.50      -0.22  -8.64 +0.29
收在区间下30%          2024 +239.00  +918.00      -0.13  -5.90 +0.33
收在区间下15%          2024 +223.00  +421.00      -0.15  -6.31 +0.34
收>开               2024 +241.00 +1392.00      -0.18  -9.96 +0.31
收≤开               2024 +242.00 +1493.00      -0.08  -5.20 +0.32
收≤开−2%            2024 +238.00  +414.50      -0.23  -9.90 +0.31
收在区间下30% ∧ 当日仍收涨  2024 +214.00   +75.00      -0.43 -13.86 +0.29
收在区间下30% ∧ 当日收跌   2024 +237.00  +825.00      -0.09  -4.39 +0.33
收在区间上30% ∧ 当日涨>3% 2024 +237.00  +162.00      -0.40 -10.58 +0.29
全体                2025 +242.00 +4149.50      -0.01  -2.18 +0.37
收在区间上30%          2025 +242.00  +948.50      -0.07  -4.11 +0.33
收在区间下30%          2025 +241.00 +1304.00      -0.05  -2.03 +0.40
收在区间下15%          2025 +238.00  +524.00      -0.06  -3.26 +0.41
收>开               2025 +242.00 +2085.50      -0.06  -5.35 +0.35
收≤开               2025 +242.00 +2029.00      -0.02  -1.63 +0.38
收≤开−2%            2025 +241.00  +441.00      -0.17  -6.16 +0.38
收在区间下30% ∧ 当日仍收涨  2025 +230.00  +117.50      -0.21  -7.22 +0.36
收在区间下30% ∧ 当日收跌   2025 +241.00 +1102.00      -0.02  -1.05 +0.40
收在区间上30% ∧ 当日涨>3% 2025 +242.00  +224.00      -0.20  -7.85 +0.34
全体                2026 +154.00 +4243.00      +0.00  +0.17 +0.38
收在区间上30%          2026 +154.00 +1015.00      -0.18  -5.22 +0.32
收在区间下30%          2026 +154.00 +1293.00      +0.01  +0.34 +0.40
收在区间下15%          2026 +153.00  +507.00      +0.02  +0.77 +0.41
收>开               2026 +154.00 +2084.50      -0.09  -4.38 +0.35
收≤开               2026 +154.00 +2185.00      +0.02  +1.18 +0.39
收≤开−2%            2026 +154.00  +654.00      -0.04  -1.23 +0.39
收在区间下30% ∧ 当日仍收涨  2026 +149.00  +101.00      -0.14  -3.21 +0.37
收在区间下30% ∧ 当日收跌   2026 +153.00 +1134.00      +0.03  +1.20 +0.40
收在区间上30% ∧ 当日涨>3% 2026 +154.00  +323.00      -0.30  -6.33 +0.33
